,ATVI,ADBE,AMD,ALXN,ALGN,GOOGL,GOOG,AMZN,AAL,AMGN,ADI,AAPL,AMAT,ASML,ADSK,ADP,BIDU,BIIB,BMRN,BKNG,AVGO,CDNS,CELG,CERN,CHTR,CHKP,CTAS,CSCO,CTXS,CTSH,CMCSA,COST,CSX,CTRP,DLTR,EBAY,EA,EXPE,FB,FAST,FISV,FOX,FOXA,GILD,HAS,HSIC,IDXX,ILMN,INCY,INTC,INTU,ISRG,JBHT,JD,KLAC,LRCX,LBTYA,LBTYK,LULU,MAR,MXIM,MELI,MCHP,MU,MSFT,MDLZ,MNST,MYL,NTAP,NTES,NFLX,NVDA,NXPI,ORLY,PCAR,PAYX,PYPL,PEP,QCOM,REGN,ROST,SIRI,SWKS,SBUX,SYMC,SNPS,TMUS,TTWO,TSLA,TXN,KHC,ULTA,UAL,VRSN,VRSK,VRTX,WBA,WDAY,WDC,WLTW,WYNN,XEL,XLNX
ATVI,1.0,0.2635038089601599,-0.10053890391334198,-0.08709494694830677,0.6091264883600346,0.42591364985280505,0.42103257684130047,0.3160339735368014,0.3234272805923192,0.31602097165875126,0.05804145814020035,0.5267638924309341,0.5765111177977168,0.5429782952283501,0.13910154019167503,0.02149242652716828,0.8172520146421702,0.43059738317908125,0.24186408916161414,0.7107842151520789,-0.09183613483581869,-0.07980789680387931,-0.17789311359538584,0.4551168221496058,-0.1787043488293169,-0.06806115032628937,0.2231346757000309,0.02592178857177908,0.3044473405785526,0.7552846599706818,-0.3785687338501983,-0.3178555419204907,0.11800158412679909,0.1930574375886057,0.08507130547425364,0.3964631178700987,0.8559810299171945,0.06161931704720428,0.5995436885422271,-0.06969696558415821,0.10312975176002455,0.12084382435206253,0.13037903571781181,0.622807027374021,0.2716801038527067,-0.28528108744261915,0.3490604637446701,0.23801027545304007,-0.32975150574090656,0.23524332045355223,0.07511935289348999,0.29039778264633365,0.7028995649309612,0.5001670763693575,0.2534778815169786,0.43265782120249807,0.10704041100668601,0.09282154149241176,-0.013992956612121072,0.5484974476267269,0.4836084104810983,-0.027681184737872146,0.44995569351781545,0.6990660621105174,0.13742479172182223,-0.5256010640715432,0.42972114950550544,0.4390106952257393,0.4364728762014748,0.0726302330584525,0.3213777671772755,0.865778105336921,0.34080596319874357,-0.29820106320802975,-0.012910791466583143,-0.07652893123697635,0.16579718770455776,-0.1956669775767555,0.1622184749630133,-0.11291446739522477,0.11152691573691705,0.6279277781727791,0.5296346230462525,-0.5635596088268018,-0.09774830910439503,0.06990859069908015,-0.37219436998050776,0.7126973202272904,0.4055676717135516,0.3935126149732419,0.10608106189019867,-0.5544435664470544,-0.2380413264811252,-0.026783315578833622,-0.006440474606219617,0.3662924254082665,-0.16338731633361875,-0.14824264673387044,0.438952905882109,0.01729638028456626,0.6827968964438372,-0.2669353066317623,-0.35285613958367984
ADBE,0.2635038089601599,1.0,0.7319024665592342,-0.06340075007060837,0.877199529762128,0.9054953039966427,0.9129864443416353,0.9816279112344505,-0.6160585856440315,0.7875668208948944,0.8522858542643517,0.862205196034399,0.0465086977227498,0.8382442190925461,0.9316993096132886,0.9328804839150749,0.02944227015025114,0.16739502531054928,0.28300052400112546,0.3692597328354794,0.5701429960110694,0.803267579792204,-0.8110363393280215,-0.040524768927013705,-0.20292933641211486,0.46442150787684006,0.974779480261924,0.9409885236658714,0.9126285550270135,0.5902091419420333,-0.01039395886770394,0.8680822707197408,0.9369476263935124,-0.6277774064152523,0.5362703526115266,0.10190390611873336,0.23288462649911207,-0.36147325814986714,0.48833543155246173,0.7096024813675842,0.9613735636138071,0.8136088383797307,0.8153327339178872,0.10955290052343657,-0.01796734057408614,-0.3310452900054979,0.9314756072594569,0.9527354619341335,-0.8853892743882691,0.8954489796665135,0.9643729075322048,0.970909004817741,0.5684673225573873,-0.36595547465517464,0.6887144307796004,0.5212134994541895,-0.7410272369377203,-0.7518098378551021,0.9173715113360961,0.7543759589659262,0.8683567570995371,0.7840611798227097,0.4515689105343481,0.679574917441658,0.9783356559630952,0.3569891916770491,0.5704777198047817,-0.4570643516082332,0.9320097674686588,-0.4525148387305852,0.9660379742645416,0.6149500903782043,-0.4103366964679541,0.7365691810040046,0.2177214482270682,0.8511665077088953,0.9480509528202946,0.46995402381697177,0.5412818552883418,-0.43367277356121636,0.9056000682671584,0.7840458368621518,-0.4081375134335637,0.5009115817230562,-0.7943510425078558,0.8696238691634881,0.4637387224219293,0.7378278677816845,-0.1319720071006817,0.904487912426827,-0.9041629395904537,0.2776014442237595,0.5577508511402224,0.934308829245869,0.942205148764843,0.8614950759980782,-0.6812921711836942,0.8734259162064336,-0.5772745040608576,0.7354373207263968,0.312978712536195,0.6679456614399532,0.7064053429462027
AMD,-0.10053890391334198,0.7319024665592342,1.0,0.20873023582783257,0.5598083536705464,0.6171231572835042,0.6162475386112669,0.7457673332490156,-0.7566958576227805,0.6923893373598553,0.6572848422991042,0.6804855154078231,-0.4332896243881159,0.3762200739074702,0.7742212910234343,0.8697391735073217,-0.4154975646540833,0.07005585292325925,0.4420054287763574,-0.0845181335154959,0.4769395595017904,0.7313239196733782,-0.44675660861084515,-0.06672339336902805,0.05667588683942946,0.6984817369425792,0.760278521093697,0.7784753637834161,0.6500665659087045,0.0882352294868902,0.3021378734321846,0.9044322863039717,0.85146620796417,-0.5756897967205781,0.19043188263139119,-0.25215249778022863,-0.20606375340260732,-0.04068020704670867,0.0860685462651192,0.6242774236923953,0.80915212844349,0.6198007710630029,0.6190825801446933,-0.10361628433972477,0.2619925053275762,0.19902720432527676,0.7565657725356767,0.8057809153878456,-0.5108521735526975,0.47310290025560764,0.8177523299009857,0.7332122473896966,0.11458122970250992,-0.6534395753996739,0.40959040041066597,0.049937060654330706,-0.6804961794126998,-0.6754862466567109,0.8848494301106766,0.26330650844055836,0.44168990249760076,0.6373037414499784,0.04013284744236442,0.12920955322450825,0.7972117404612206,0.6154007428466918,0.2512340515457985,-0.6135691855119972,0.6603566650563526,-0.5818563078158845,0.6732609914145896,0.1856004993996139,-0.6546661821070892,0.8523996115012142,0.269177697417679,0.8189795268378356,0.7017493611500899,0.5988844461426837,0.5679250705066533,-0.07357616070916136,0.7724036828084596,0.3866810378485722,-0.5665251596328077,0.6066276455187294,-0.6716294583232009,0.7624957391430548,0.7522778449310779,0.3735161143161125,-0.3271803076762394,0.5255232363344654,-0.7548226424084495,0.6468727644162072,0.7640739525091162,0.8473644060579502,0.822752267185318,0.6038785308404745,-0.3726474315194478,0.7832229453114874,-0.7858745116195678,0.4960214182890912,-0.26048086341373666,0.7146380425581751,0.7476845041895536
ALXN,-0.08709494694830677,-0.06340075007060837,0.20873023582783257,1.0,-0.01997354579670383,-0.02046713210663005,-0.02577911215257366,-0.07456931420384955,-0.03716430461903117,0.09615878518321627,0.128248112065185,-0.0022710270876476935,-0.09130305922131177,6.3650042272944865e-06,0.06695010369362392,0.10813576639930114,0.04248376735173318,0.06991448812815045,0.25026245045320783,-0.04676542193854566,0.0809957674446836,0.1569210178963197,0.41680579736332,0.1594907898276399,0.44112855118158745,0.3409408781814935,0.009227648045334684,-0.00810238754814564,-0.2040879414976239,-0.033654757511305776,0.24699962099840966,0.5951886512552635,0.026179820203655398,0.2517571953946704,-0.11186776290540788,0.11421096751798632,0.056153860573795546,0.38872169214672836,0.17117032998598278,0.06291954924446037,0.027970008952160966,-0.18019113398563094,-0.18633490183292165,0.31310762218595994,0.12247025981179956,0.24825323578425726,-0.009590816092230803,-0.024622476005129564,0.2432842562494285,-0.1187012936778839,0.04481430830155573,-0.03634247006990778,-0.042328948546753876,0.053747477267256864,0.051332419868401875,-0.015252649151929622,0.21065664541089993,0.21302494205642156,0.06418304241910874,-0.15055785630547244,-0.14717362615598006,0.07020917042440143,0.10772633083090787,-0.13619185223474375,-0.014666536929176554,0.19352606444445186,-0.020233754689820884,-0.20099445382486508,-0.0895719145226627,-0.08232508337122345,-0.0055740931970574515,-0.07511228230897442,0.09790714952875701,0.014099821395604764,0.3454608872405203,0.10130827288824751,-0.0007272290450534922,0.1383213146259174,-0.03223664390149049,0.2991800732647605,-0.06906624385251699,-0.09690854293187569,0.09727930441272344,0.011601879289003268,0.1826158488873968,0.10896089366384956,0.1464617268943744,-0.12137576013617442,-0.09772619821174776,-0.044170215177536915,-0.014408131437758853,0.16148067285599224,-0.058353333370046195,0.06205367199134393,0.007896252181289578,0.03766270661356453,0.010235620775149088,0.04245535273983621,0.011980900063247932,0.10570018199347227,-0.12970354397296655,0.09627575303841944,0.16065015898097768
ALGN,0.6091264883600346,0.877199529762128,0.5598083536705464,-0.01997354579670383,1.0,0.9129631931409259,0.9129023655446351,0.8928915801309237,-0.3358348369741028,0.7078502187894905,0.7372435978650604,0.9042062020338618,0.3106877969229332,0.9056312800821261,0.7867664779350683,0.7535517385267417,0.3790645527617025,0.31756773436056623,0.32870588145684637,0.5132140761081032,0.4200351636016964,0.6412530015582615,-0.6559336229681361,0.23985604915016948,-0.2045439757901005,0.3458354833539055,0.8815868489276378,0.7340233943617651,0.8082443577798327,0.742159503660422,-0.13402329931868648,0.4069602643863897,0.7836669646270702,-0.3610546134672647,0.4891388128508586,0.2763208204912056,0.5612479330188076,-0.233776188910229,0.7107480448668152,0.5500502982658597,0.783137370384446,0.6351704335272915,0.6422148713146427,0.3667141248733826,0.12001912943425441,-0.40254972985993154,0.8855342815285767,0.832398899645154,-0.8019504858801978,0.7795932197297749,0.7831297876411056,0.8558741304569955,0.7567306018605435,-0.05040104773645843,0.692409538717174,0.6193035601082941,-0.483298063708391,-0.49996652244577183,0.7197683788540407,0.8227284883246209,0.8933910173034587,0.6063379385856512,0.6058609568435958,0.8365138423245242,0.8199899240840675,0.11374271944374255,0.6754754058871837,-0.16954040589727348,0.908353868030181,-0.30049620722254256,0.8776570939639905,0.8555779321346862,-0.11893150853887839,0.4596009780605341,0.28296605039246686,0.7005475839070641,0.8192006419372152,0.3262214786340859,0.5931602805889724,-0.39892275508470343,0.7538637838360861,0.8518356496796802,-0.0645167141196933,0.13451681271127866,-0.6660231868560106,0.7505275062662072,0.19629721596154628,0.8693046712127472,-0.0283771110530798,0.9059208853793134,-0.6390563501490243,-0.012858737742658364,0.29546136895736563,0.7270045920772792,0.7399858200870372,0.7725845655046277,-0.675189630722903,0.6092597805109236,-0.2471126022765312,0.5909015980050198,0.5406295744590898,0.417723009449603,0.39992475701616714
GOOGL,0.42591364985280505,0.9054953039966427,0.6171231572835042,-0.02046713210663005,0.9129631931409259,1.0,0.9991851112221889,0.9119854655085267,-0.3838871909425903,0.7586086864265403,0.8415066864504641,0.8660178831064826,0.2736662710394239,0.8846691225984848,0.8567251040963897,0.8247871704846087,0.22137628975635978,0.27246140034519906,0.3356835868174751,0.4224853981648438,0.5835531453005377,0.7759681999636711,-0.6613551736944455,0.21564126910526307,-0.08561982974269933,0.5216850235451389,0.9139267853357533,0.828259567551279,0.8222280046005158,0.7071644346965476,0.10315973006933223,0.6202300509457054,0.8582146525846214,-0.39596603482726733,0.6186434940523902,0.26711008880911763,0.4199811970829881,-0.18578164478899897,0.6668918863308905,0.6799167024592289,0.8753569512824986,0.6770917807752312,0.6775182220230811,0.2753588378693501,0.1165427773639859,-0.3504758210511028,0.8802504203190961,0.861378561798544,-0.7738597016937853,0.830156237836715,0.8679960632861446,0.9127184766563851,0.6243876939974419,-0.09003552464561353,0.8059164644880086,0.6485772448769692,-0.5692134470293869,-0.5900774813149101,0.7695822395405284,0.8312273542368431,0.9029714509067703,0.7639283353609271,0.620808522824038,0.7463316743505289,0.8882659765543135,0.3255208364692212,0.7206146755715377,-0.2650911235636377,0.8836565565886197,-0.2194919574105088,0.8798483146692636,0.7305050853159979,-0.18423454414667495,0.5825025902071702,0.3713353993748933,0.8014014693098452,0.9056436943358126,0.5177924891632725,0.5966307934288893,-0.2797187610131425,0.8055080934818651,0.7649471732952834,-0.15615122178508664,0.3615119613529588,-0.6444750629952687,0.8501436853037369,0.38729853621039595,0.7989643004798719,0.035645075458609024,0.9348861628941234,-0.7341140857210742,0.14494602708616458,0.4399667235045401,0.8252422723192381,0.8195543217655192,0.8507934025642562,-0.6720855805206923,0.7527849815326126,-0.36398511306561576,0.7506696734360543,0.4616502547313272,0.5785452935939731,0.6181391479232192
GOOG,0.42103257684130047,0.9129864443416353,0.6162475386112669,-0.02577911215257366,0.9129023655446351,0.9991851112221889,1.0,0.9173635950672673,-0.3842486053362803,0.7605999999621234,0.847586264911696,0.865506593757592,0.27855700439240083,0.8929354629605494,0.862983855236672,0.8299205095886429,0.22034060308282696,0.262928268879798,0.3169652948019338,0.4252776967213976,0.5934734621292701,0.7817900100798797,-0.6716763216542232,0.20669619018796231,-0.08205364179427296,0.5148342764479286,0.9202702214770563,0.840611512759312,0.8246759497153523,0.7127564270447788,0.10296434139402644,0.6268205354878698,0.8603267002146688,-0.40638063840420463,0.6348208857508842,0.2791596298714086,0.41466849075006107,-0.20915895912402913,0.6657201556506753,0.6873277732620446,0.8828458984164255,0.6817389292756655,0.6821155717332783,0.27647336183987486,0.0996610302073699,-0.3672693733231987,0.8809539375162777,0.8643520151339839,-0.7836671061249864,0.8423316197911788,0.8744994423356787,0.9178733308513916,0.6303884644925372,-0.0918847615972698,0.8105231389506592,0.6576919954847941,-0.5699488867929389,-0.5908472874680739,0.7746246445181502,0.8436104138012862,0.9101147930449071,0.7759776863198575,0.6230921613051552,0.7514848727853262,0.8959339469041626,0.32868536727009756,0.7255151410880013,-0.2706075800467484,0.8866401181216932,-0.2167831245657007,0.8867746695747031,0.7311393637362336,-0.18205770164191157,0.5870256987790322,0.37801584983036723,0.8066738444313745,0.9143358535826482,0.5180716574675114,0.5957073587123833,-0.29763517353034824,0.8124332348178762,0.767037278843648,-0.16420788726077723,0.37370533176621445,-0.6453774934389699,0.8570452133690752,0.3906620077485684,0.8002688757088569,0.02838421350663361,0.9424746352427142,-0.7473663501827109,0.1432193978603002,0.4358865566401982,0.8316123458508744,0.828408016220938,0.8577171259386008,-0.6813796162870526,0.7630939686523802,-0.3679355046672086,0.7597500745621439,0.47033032363630595,0.5841446201391769,0.6268793792386727
AMZN,0.3160339735368014,0.9816279112344505,0.7457673332490156,-0.07456931420384955,0.8928915801309237,0.9119854655085267,0.9173635950672673,1.0,-0.5977577318743277,0.7982860400993091,0.8034285914498381,0.881937851821817,0.011495248429996196,0.8151839307303375,0.8881552930383251,0.9103346125926838,0.03699290802823116,0.1908143678229173,0.34898617152933203,0.36880103966918537,0.47894824329770586,0.7416117541575865,-0.8075437450302245,-0.05058685565982122,-0.24572100761698562,0.4347862375837197,0.9641584042991598,0.9208808919898311,0.9281763568518481,0.5820324169076342,-0.030959226272913257,0.8540053928494441,0.9310771102230955,-0.6197917809789167,0.4878551491501613,0.07228597530664818,0.2517394974392094,-0.36529634877982026,0.46024520704498856,0.7116557142954811,0.9369222272269688,0.8241440368191549,0.8273192558526925,0.13569824751481943,0.04473253960967578,-0.29654392959506115,0.9539572169757153,0.9579011443224723,-0.8886464891813698,0.8608050874720717,0.9389066232565301,0.9547377359261878,0.5911078248622327,-0.36639029354700425,0.6598866785813181,0.4514988206777533,-0.7106638146458977,-0.720985540443209,0.9127348869769154,0.7324323107747293,0.8733090185074914,0.7549835320762234,0.39805673337356184,0.6706958052479868,0.9613431984639502,0.338698138227447,0.5442304444450557,-0.3888838006094101,0.9583563262878261,-0.47846406481741316,0.9638307255743199,0.6478450091937614,-0.4316285351460683,0.7428022945072731,0.18577166020580793,0.8287978806563934,0.9071634529230068,0.43260641052894117,0.5870170869422184,-0.444613499413393,0.9148377875322091,0.8060482976490057,-0.40047457716176593,0.4324413004204632,-0.8235651325900316,0.8286247509079446,0.44777939599564814,0.7410882863744617,-0.13896376648610675,0.8886535616900929,-0.8591988821907113,0.27641797673658075,0.5965921249819325,0.901186480990358,0.9247516219982294,0.8295934309303143,-0.6394668820877439,0.8241565918347654,-0.5647923218357986,0.6511965952794823,0.2916855057862953,0.5861831768245273,0.6385457320201773
AAL,0.3234272805923192,-0.6160585856440315,-0.7566958576227805,-0.03716430461903117,-0.3358348369741028,-0.3838871909425903,-0.3842486053362803,-0.5977577318743277,1.0,-0.49038427458422346,-0.492118042413827,-0.440027201515743,0.6228690370219598,-0.18883101768289684,-0.5870346385398072,-0.7353974897686646,0.5616720424974897,0.053323084663500976,-0.35439376778175,0.23395843028982424,-0.29609796071293554,-0.5857899195332416,0.5294776360621506,0.3938275861539291,0.20901307204785516,-0.4186735756699622,-0.5976073901340108,-0.6521575982291189,-0.6005738123918367,0.12480706136488917,-0.05653470106838433,-0.7620883470388832,-0.697570422522703,0.6893555674764551,-0.062191377706121896,0.4929564358222468,0.34117951336452734,0.21633889641190873,0.09401634480336997,-0.4462596182949958,-0.65664246237876,-0.6420379247592289,-0.6377162865806132,0.38056525891024323,0.06587776231803308,-0.14243514148242414,-0.5929573283503677,-0.6758245394903506,0.502440889787634,-0.4395458254872666,-0.7086873058745541,-0.592475152743852,0.07465128624590199,0.795037260306941,-0.15618963943077016,0.15164798938982776,0.783698117309431,0.768846591522196,-0.7836978416182021,-0.02649452268437125,-0.24282417817540572,-0.469370041917551,0.17371580191312702,0.01074107956591378,-0.6672937089582088,-0.45681458883532455,0.02273568487092925,0.7556137993050571,-0.509429821895149,0.6851217428802386,-0.5719025047518749,0.08562420063593879,0.8192536054427774,-0.8244521207394578,0.15095208978713387,-0.6410150301550162,-0.5449802478028722,-0.39377383682135547,-0.26920573978988865,0.20282670383001186,-0.6558980743207846,-0.2803902432376635,0.7333186106051379,-0.5678197438313445,0.7036369055567296,-0.5429871285034377,-0.5963094589525827,-0.1707887257441781,0.3765625683584604,-0.33456117291135307,0.7386904232572821,-0.637391859138122,-0.6331419289082193,-0.737391908699228,-0.7011995204927366,-0.4133205003803498,0.30133874164391516,-0.6857251691518007,0.8585642364763377,-0.3570257370572814,0.4027536021707845,-0.6623272355691463,-0.6403215189604189
AMGN,0.31602097165875126,0.7875668208948944,0.6923893373598553,0.09615878518321627,0.7078502187894905,0.7586086864265403,0.7605999999621234,0.7982860400993091,-0.49038427458422346,1.0,0.6117601928069221,0.7422758615766827,-0.07818642191674813,0.6252609773892344,0.7057661499500102,0.7624781476464194,0.10431051092227564,0.5460835111000881,0.5506231294407329,0.2572102310944586,0.3756274631621093,0.5661587449039186,-0.6029250071895096,-0.006640833379976266,-0.13141993554182094,0.5036601348945471,0.7664925536969577,0.7136659178512195,0.7988239289145804,0.5440027267533604,-0.018477806052548146,0.6116963725570496,0.7823607673869863,-0.6080293582853482,0.34950822939031334,-0.067767706001098,0.16272789708840293,-0.15208175864721854,0.28642798919219475,0.5990219609770859,0.7795093595113395,0.7872161834850323,0.7887750053749435,0.36858182019137287,0.07422061745047802,-0.15772456815938082,0.7352000881002808,0.8701498786707594,-0.7089134510654542,0.6496392751731126,0.7656679760354571,0.8701367097045218,0.5487653161641549,-0.3767665416489214,0.44616784869097625,0.27153085791077275,-0.6338698351470452,-0.6444746420397846,0.7466678947798111,0.5189734327260082,0.6799628088257692,0.5086652387897859,0.25697618970815067,0.5025827813552157,0.7785768870783091,0.12922475159659655,0.5159588713321838,-0.28540693650267546,0.7971916554929468,-0.43379030115816203,0.755366065978773,0.5459018903329337,-0.47661117778591267,0.6178093969812819,0.17277701993614566,0.6391411676762322,0.7457507294508748,0.3722220172986302,0.3442103615153915,-0.12050012365470075,0.7564125005529422,0.7041416714721185,-0.3821416818587137,0.2481094384542963,-0.655077634753472,0.6384125714879514,0.38376091762994163,0.7384958703893633,0.157547568878068,0.6942405426682368,-0.6743970320150358,0.10315746510431185,0.5363041723559157,0.7487583786572363,0.7137410218076563,0.8353939532934357,-0.28812353922771167,0.6504934337086441,-0.569752102695546,0.5221926624172072,0.1093419509024539,0.5162215336796802,0.5388781573732366
ADI,0.05804145814020035,0.8522858542643517,0.6572848422991042,0.128248112065185,0.7372435978650604,0.8415066864504641,0.847586264911696,0.8034285914498381,-0.492118042413827,0.6117601928069221,1.0,0.6905882140942706,0.19376395035407323,0.7961401332262286,0.8907182267540742,0.8592548104846152,0.001954793823949246,0.011044653785389281,0.13848401082572176,0.2754254775085913,0.7636894955415978,0.9069260463476274,-0.5698647183525591,0.06410578996168345,0.0248866223238603,0.566250874217449,0.8837293647584527,0.8797765589886744,0.7003705314255321,0.49466378392708865,0.201554135289992,0.5739344902065308,0.8319145134419305,-0.36242669478347117,0.6527538224007378,0.329513967638494,0.19488620884409366,-0.24103649625569293,0.5889821646033646,0.7829754009911909,0.8799346658479908,0.5829143189348681,0.578948203009532,0.030478518824351097,-0.04556084620847576,-0.35200000070233634,0.7817483825333655,0.7573933728840033,-0.6237232191217104,0.8470848965766319,0.8887127845056146,0.818379840062284,0.4409586898302394,-0.202761576666348,0.8734687379052855,0.6489728599497204,-0.5366081066250455,-0.5489508179768207,0.8004096044712161,0.7249626920192306,0.8074801053609415,0.8307120656243587,0.6712394958628949,0.6102359757634839,0.8612507288936873,0.5421465255286141,0.5710103116302825,-0.4296557780195771,0.7346999059660032,-0.20650804672309078,0.832528397981425,0.4458194665236421,-0.1420177588895844,0.6778922936764441,0.5210342829208867,0.887846288210087,0.8946428505811339,0.5788072062235241,0.5217138783425027,-0.32517278541108013,0.7679877869962429,0.5941614276466229,-0.2268828857126639,0.6140946669284479,-0.5303281413040839,0.9187852337816586,0.5015425797878789,0.5126375139155628,-0.20166541266858137,0.887676346458069,-0.8307802926484914,0.36577752853391704,0.41366970654779156,0.8766575441662128,0.8585316648036504,0.7121754248873357,-0.7661932953252106,0.864344483693834,-0.44316543186564655,0.8437602314259764,0.3537600351226307,0.7092702728882723,0.8275116123465657
AAPL,0.5267638924309341,0.862205196034399,0.6804855154078231,-0.0022710270876476935,0.9042062020338618,0.8660178831064826,0.865506593757592,0.881937851821817,-0.440027201515743,0.7422758615766827,0.6905882140942706,1.0,0.12843096436851686,0.7885969574517514,0.7951834073784164,0.798816608119308,0.21804038921655236,0.261828360711232,0.392818973612915,0.4082311545164262,0.4315620391723943,0.6634455905287641,-0.6365194752815471,0.22454623488194939,-0.11903608087898764,0.4967381524040762,0.8515528226788437,0.7681920456613366,0.8007156746030194,0.6251882555010627,0.00944676304661839,0.6550702924695258,0.8430855802847644,-0.43229663382613726,0.4086400202122009,0.08722542574122032,0.36723685879093443,-0.16455660970400893,0.5311758411585037,0.5859485941051906,0.8077150153056545,0.6321749391465178,0.6363598373249825,0.25066682293647397,0.22849108169996757,-0.20587190110783304,0.8696593749935153,0.8717375697507077,-0.7595798002833888,0.7135018715816512,0.8032519580533833,0.8612046205174454,0.6175844357595658,-0.20904723066882083,0.6393351153376169,0.4910590378499492,-0.5469810669256971,-0.5535226855474885,0.7613369916029923,0.7124511074395996,0.7826698144885565,0.6111232038361757,0.4170676453165995,0.6788413892685842,0.8369354986515639,0.19752623455004073,0.5689966202786623,-0.24149029873769579,0.9074042516287695,-0.39388058895546035,0.8151806642313187,0.7623351372941859,-0.291651729233468,0.5602839173185602,0.21325504918193144,0.7007839634494923,0.7899559349441045,0.4161778318199272,0.6306501381603341,-0.31200172055055486,0.8044494138917879,0.7503122088755384,-0.12770847567219878,0.2475043990870369,-0.6505119282015823,0.7715304294985357,0.37966527705124353,0.8206242715887141,-0.031792967532326404,0.8106178278665593,-0.6538294499912457,0.1576596446431023,0.45811611696219606,0.7505859390193066,0.7724027824817734,0.7750428928261864,-0.5225704631498896,0.6194359502256916,-0.37948244744758114,0.5395690953540038,0.3392095486723383,0.5150051127731725,0.47758500477652827
AMAT,0.5765111177977168,0.0465086977227498,-0.4332896243881159,-0.09130305922131177,0.3106877969229332,0.2736662710394239,0.27855700439240083,0.011495248429996196,0.6228690370219598,-0.07818642191674813,0.19376395035407323,0.12843096436851686,1.0,0.535958572762801,0.07251196678517188,-0.16949740337349262,0.7667409790605866,0.06134436937748454,-0.3294025624412499,0.5909389217805204,0.23348619121886435,0.052084892768701756,0.06525268044246611,0.5738207176435417,0.1258425706262644,-0.09882205415710714,0.06204467454661399,-0.0487922425065342,-0.05864535127558789,0.6516024601246945,-0.11761943293284248,-0.6881248532221396,-0.13433896834696374,0.46333694442532963,0.4610628705183598,0.8182917485218593,0.7080857280674852,-0.02051410453128839,0.7002729665184159,-0.0440431016882772,-0.04288926655780301,-0.26880391619232974,-0.2640916812252083,0.4892172498426317,-0.029919757703861932,-0.5546316495685223,0.014026584843554095,-0.12395993006516674,-0.03769637699811447,0.23783577511379603,-0.08619487921970612,0.03147661055635486,0.4725438401796415,0.7917886691341607,0.5143596043209779,0.822556715503071,0.35067760929589403,0.33012747064121944,-0.28302648864594204,0.6103514177387365,0.42361281616752555,0.11735525987474439,0.7730501393674825,0.6418289870385654,-0.03592637064347099,-0.2796075206147418,0.5101500549912661,0.4258320814471321,0.051134039230283916,0.5799273343671011,0.07327982762877953,0.5729191191839361,0.800280409113005,-0.4941743859952843,0.3936037246639295,-0.07556890152087996,0.13678675004145904,-0.06974906707944147,0.041950678121228886,-0.12710530334250683,-0.15511067756098657,0.2628033856561816,0.7142828715284193,-0.2730112185673858,0.3462724870199964,0.11654692392169352,-0.3978979128532244,0.3770593287517647,0.3102512345807791,0.36638538878798854,0.14596179001258452,-0.6050924274909805,-0.5897762797818508,-0.13490245626080957,-0.12836360950562103,0.1814652108928202,-0.38962032726028956,-0.10208103082020814,0.678599345199971,0.2983794454437194,0.8727119691330466,-0.1538816604187536,-0.16925371866881617
ASML,0.5429782952283501,0.8382442190925461,0.3762200739074702,6.3650042272944865e-06,0.9056312800821261,0.8846691225984848,0.8929354629605494,0.8151839307303375,-0.18883101768289684,0.6252609773892344,0.7961401332262286,0.7885969574517514,0.535958572762801,1.0,0.7761905998325284,0.6835964111321325,0.46915059278326515,0.22429794924417515,0.09898026477642344,0.6035882434765392,0.530751762154153,0.6724084554318733,-0.6167030881525137,0.2536544312533529,-0.08247842804365113,0.3020641232303352,0.8399933137947082,0.7377038276662364,0.7099720198929006,0.8295287198705271,-0.08608553907360962,0.09875888998363043,0.6924669854658417,-0.27662087187685264,0.6824243069942504,0.5087742412723641,0.5862009361830567,-0.31219563857880966,0.7910671380161372,0.5717178409158828,0.7527885299371648,0.5370009570283609,0.5416587190031292,0.4397663951761433,-0.05644586219524415,-0.5764588132356127,0.7787347479631995,0.7268089753212118,-0.7612707836376821,0.8550846093601094,0.7387211345453861,0.8066901097039233,0.7650240430322138,0.11977913882398292,0.8096705790327947,0.8299368812152998,-0.3680481537179526,-0.38907082560596706,0.6148517788107112,0.9299934852270149,0.9373638112433504,0.6861729105825849,0.7715299726940049,0.9002391479524093,0.7818634946563463,0.11938991857481135,0.7441733348676972,-0.14578296058852927,0.8168714153017923,-0.1042358285816884,0.8406876779241139,0.8305357713416565,0.08153039258075707,0.35068538632534374,0.4022454460973947,0.6568404609001257,0.8401890381956851,0.3317773721188394,0.47788029583914915,-0.4659709494940488,0.6783192327131212,0.8029975321014777,0.037401305290228254,0.20714244545063354,-0.4881744680737613,0.7619730298578685,0.14520105658561663,0.8196366116044141,0.03398242257850752,0.9449544056187212,-0.6556078505326173,-0.12698516780314195,0.12291555185736087,0.6886251376050895,0.7032074257616732,0.7913101826112647,-0.7542168911331264,0.6318607636768223,-0.11841276712840171,0.7277234062447338,0.7084517201719711,0.42333568774959873,0.4573198525556621
ADSK,0.13910154019167503,0.9316993096132886,0.7742212910234343,0.06695010369362392,0.7867664779350683,0.8567251040963897,0.862983855236672,0.8881552930383251,-0.5870346385398072,0.7057661499500102,0.8907182267540742,0.7951834073784164,0.07251196678517188,0.7761905998325284,1.0,0.9201150346901356,-0.05786127570370023,0.03306960547602489,0.18336226099891492,0.3098698234984116,0.7304985052436999,0.8933155232672448,-0.624686263643924,0.09616543428208484,0.02685358277299147,0.642661650861821,0.9253530130977903,0.9066993136892217,0.7626832801678555,0.5173505374397191,0.18104722394444378,0.7873103377866738,0.9135502199611959,-0.4890959786343231,0.5088514914427226,0.16000697646624604,0.17303005204931143,-0.17100410868729923,0.49669300280099266,0.6754596896107122,0.9457899428365484,0.6437384180201591,0.6429902127740521,0.05558380637653516,0.06944536922326629,-0.19394937284794087,0.8615784850222765,0.8731435005308316,-0.7211533310175348,0.8035878418852962,0.9441676469278985,0.9091867937014231,0.3822920907126619,-0.32529497030022203,0.7366796346191749,0.586117797895678,-0.7289467427142361,-0.7385708414337651,0.8768852024802581,0.6913511349727632,0.7700459865253817,0.8371014637063501,0.5133144317038024,0.5684825340462223,0.9391699736619643,0.5024560799115727,0.5592395160318007,-0.5892776725740464,0.790650368712253,-0.3721014205798192,0.8791532630349241,0.4991707333497582,-0.3395786450104408,0.6924651109050001,0.3454584688321691,0.8679709978835459,0.9448323965418736,0.6014359815930745,0.5376700414486228,-0.23121278720779898,0.7994127088032144,0.6402461494318152,-0.34206013429730037,0.63211404542782,-0.6391671425760492,0.928772200835885,0.5894791933435328,0.6403608203974254,-0.1409494587360906,0.8276415468453686,-0.8968097049889516,0.37659808092989666,0.5349698955452635,0.9435447539897722,0.9150634437492342,0.8551731992713736,-0.7094325784025666,0.929840470301244,-0.5524470381866132,0.8426758481929724,0.2599191676526717,0.8007563113789865,0.8213336140246424
ADP,0.02149242652716828,0.9328804839150749,0.8697391735073217,0.10813576639930114,0.7535517385267417,0.8247871704846087,0.8299205095886429,0.9103346125926838,-0.7353974897686646,0.7624781476464194,0.8592548104846152,0.798816608119308,-0.16949740337349262,0.6835964111321325,0.9201150346901356,1.0,-0.19390322584375097,0.10540434162710852,0.3324886356742386,0.1307540826259727,0.6159274353492161,0.8838352485772201,-0.6997120161599564,-0.06331187622972521,-0.056211609051713275,0.596408023307513,0.9446590357191291,0.9475375533183646,0.8206107173731645,0.36349813818217386,0.1956335744868209,0.9464484466042704,0.9597610795044415,-0.6555704701873487,0.4820520780984671,-0.04978867748809792,-0.0017880642992492122,-0.2587836316620361,0.3594366804985602,0.7428964592884706,0.9645387435708536,0.7682349529483481,0.7674481020649913,-0.010083603343197708,0.024535752326008232,-0.14231042168025948,0.8696398560872964,0.9289370047591547,-0.7673178014711212,0.7917492679033107,0.9787062144376792,0.9143478444318855,0.37555849166322564,-0.5263375634638745,0.6240477105864172,0.36471311321745203,-0.7559613493154677,-0.7620043469449076,0.9690658628442109,0.586900437805955,0.7078470351900759,0.8034812345264306,0.31617510770233737,0.44947284227950135,0.9686960460994902,0.5567672170356381,0.48598925152421046,-0.6069408513189748,0.8450869799304723,-0.506885934308602,0.8769222230270246,0.39948599338324814,-0.5334473988429853,0.864310637298886,0.2962674550139763,0.939656583838011,0.9215957587603879,0.6137600827504979,0.580401268447623,-0.3321196006637913,0.9102948063004195,0.6074470115750354,-0.5498532033350206,0.6551228570638525,-0.7731814922096217,0.9068844920190152,0.6414331506214779,0.5838288262693115,-0.2503975516627405,0.8051226081838935,-0.9262471196293978,0.49736868582477983,0.6644521946236557,0.9771066779730071,0.9715661355044717,0.7791883967151072,-0.6145518917725232,0.9101962083894053,-0.7453092088125313,0.7419593774469669,0.05899246352642338,0.7928222801922943,0.8302597715694587
BIDU,0.8172520146421702,0.02944227015025114,-0.4154975646540833,0.04248376735173318,0.3790645527617025,0.22137628975635978,0.22034060308282696,0.03699290802823116,0.5616720424974897,0.10431051092227564,0.001954793823949246,0.21804038921655236,0.7667409790605866,0.46915059278326515,-0.05786127570370023,-0.19390322584375097,1.0,0.43893175321581124,0.01282324549814898,0.6412286911599513,-0.10355428944359596,-0.18734270512424847,-0.0147240086265431,0.4020515243322408,-0.12864780466581896,-0.24988887644284916,0.012372144352364816,-0.1692329128286123,0.06423211973211496,0.7075191526268942,-0.4451931776696347,-0.6205575719996028,-0.160123118383279,0.3402935545793984,0.19444312941051048,0.5421854923599809,0.8150930117098497,0.022591289724030343,0.61018740279334,-0.110086625447137,-0.13146636670248404,-0.08993762055746547,-0.08170097020786875,0.6721347448615531,-0.07099088676544851,-0.49520250256917936,0.01691716752938741,-0.02836305042865501,-0.1581248464935861,0.19252593023238537,-0.14052678139147654,0.07214095609745944,0.6904335104831618,0.6643404796228287,0.21962634238063775,0.5221313305944701,0.35006308990648294,0.328345378825393,-0.26827784906082,0.4820114884305635,0.358236378092292,-0.20377425628311416,0.5741275355629871,0.6614554565779426,-0.09756238270039848,-0.6470246277442163,0.37344356678145413,0.5618347418048886,0.1789302090078942,0.2791365613846262,0.10531083799217252,0.7200194431852146,0.599364430991601,-0.5024750155630237,0.0991986389478634,-0.24348476292110727,0.006014585575842155,-0.3746111019698896,-0.07659595322266947,-0.13338046893816988,-0.12190904708315115,0.46075600638802544,0.6517860211069141,-0.6398611526903488,0.19033424560010717,-0.09289196375631922,-0.6195023682969879,0.526650276522615,0.46278869715919674,0.29319654539435225,0.2590947404123277,-0.7611782580411453,-0.5444396129408656,-0.23110953456384667,-0.22799752528073436,0.16778446935659422,-0.12891917442478976,-0.30611068682311177,0.6247735015039136,0.006699319251572041,0.7680533492645562,-0.3940511391921033,-0.42126696204885317
BIIB,0.43059738317908125,0.16739502531054928,0.07005585292325925,0.06991448812815045,0.31756773436056623,0.27246140034519906,0.262928268879798,0.1908143678229173,0.053323084663500976,0.5460835111000881,0.011044653785389281,0.261828360711232,0.06134436937748454,0.22429794924417515,0.03306960547602489,0.10540434162710852,0.43893175321581124,1.0,0.5615097154777967,0.11322458056704343,-0.2076425067689342,-0.07526250177412512,-0.17343438945023948,0.1025899540124083,-0.18285741238968803,0.038987859579275495,0.1755115390647682,-0.0029365916237538794,0.3193887147611576,0.3708818860324925,-0.26044525241950955,-0.17373769891659765,0.12161701722555615,-0.2870177515154761,0.09561971704482775,-0.1190956286388031,0.2520325795232251,0.06515871058826914,0.15568812100488713,0.11264757830874475,0.1011941026957459,0.4142235554455802,0.41281772385145277,0.5936343045638538,0.01566647837546582,-0.1693405664426098,0.1309056808576764,0.2980652517527902,-0.26919564466855866,0.1259899065036455,0.08732189438109793,0.30502195662111903,0.5233048594424109,-0.03953615927971604,-0.04007072367700889,0.019378474820206198,-0.0839427842217823,-0.1018981703264782,0.08640746643969555,0.1593414863694046,0.23418085968408986,-0.19093343309719474,0.07251436461953682,0.2867012338968522,0.11332711945359861,-0.41659060680557064,0.4198336150623955,0.2553368449706082,0.3102103773443278,-0.15718250105749756,0.16507270640172345,0.4084485726834267,-0.12975726173985042,0.019122733694413602,0.025433738257035873,0.027227347730952863,0.126538059478536,-0.12285660003693463,-0.01982068029514693,0.11619274993232051,0.21176690536757575,0.37379040124771457,-0.02258670379536373,-0.4016083254428545,-0.21523335252019304,-0.014209987987429432,-0.1746204901119206,0.5373453106681797,0.405838217845262,0.22679767504419743,0.042454290704390614,-0.432390552764343,0.047279991918787394,0.0716169252701373,0.01396105614496026,0.34697658271299586,0.22065736526551114,-0.06182917067881879,-0.08311486509567592,-0.03463583084597399,0.09850817516652238,-0.07599047050053699,-0.12770378809633387
BMRN,0.24186408916161414,0.28300052400112546,0.4420054287763574,0.25026245045320783,0.32870588145684637,0.3356835868174751,0.3169652948019338,0.34898617152933203,-0.35439376778175,0.5506231294407329,0.13848401082572176,0.392818973612915,-0.3294025624412499,0.09898026477642344,0.18336226099891492,0.3324886356742386,0.01282324549814898,0.5615097154777967,1.0,0.09330864410365053,-0.1763904733213245,0.07847806734356404,-0.15390306522117556,0.0007677412787137712,-0.26173955300541385,0.3312109231895436,0.29326173566484603,0.18337618387020566,0.4692360191852037,0.12109100901553314,-0.102518404996866,0.4909469293964876,0.40534010232975176,-0.2530211409032684,-0.1903358739138069,-0.3538028324424525,0.12462493624587516,0.25949479110904106,0.02855406545524674,0.1924220429431767,0.2946714672249134,0.4744637663679108,0.4730437438852407,0.1594907817807125,0.3380021629548284,0.30549977649500726,0.42160368968617695,0.44230437549130286,-0.24797986894867605,0.10894470414490492,0.2966041285560038,0.3709538677664192,0.26259003036387346,-0.3164201633126845,0.049229839545317185,-0.22569494656706454,-0.2962881558504439,-0.2951392057053152,0.35343815941666223,-0.025265978041853016,0.16991560343671339,0.0032101743045229473,-0.08250030948867602,0.12228314505808656,0.26104642861284344,-0.028554246636114,0.05404733279876277,0.003147476097835961,0.42149554117314036,-0.438690530195798,0.3110170721650373,0.2113821110202111,-0.4439219924443287,0.3607935745562484,-0.1293449420853878,0.22125259872828282,0.1513638903429839,0.059635460184761055,0.05663309076460629,0.1756699992623365,0.36848729957049425,0.3698138376797554,-0.20376285348445905,-0.10666598387564705,-0.387981125757475,0.12386457097045842,0.20014384679545394,0.30247292779304585,0.17378258202537453,0.18699022888373568,-0.11604605883438926,0.22298800053775925,0.4904238150978681,0.26828320024716296,0.22956670987350714,0.283424455622741,0.19321067918912654,0.11291505661306832,-0.3121272842306191,-0.057048590102681845,-0.17628132377721284,0.07074553673572187,0.07487462613069366
